36.562914,,-1.000000,-1.000000,-1.000000,,5.000000,4.467218,4.990721,,
40.099178,,5.000000,4.467218,4.990721,,5.000000,4.500000,4.952331,,
50.221913,,5.000000,4.500000,4.952331,,5.000000,4.500000,4.967030,,
60.205382,,5.000000,4.500000,4.967030,,5.000000,4.500000,5.047211,,
70.464908,,5.000000,4.500000,5.047211,,5.000000,4.500000,4.982944,,
80.531787,,5.000000,4.500000,4.982944,,5.000000,4.500000,4.994498,,
90.618828,,5.000000,4.500000,4.994498,,5.000000,4.500000,4.976845,,
100.643985,,5.000000,4.500000,4.976845,,5.000000,4.500000,4.950992,,
110.783699,,5.000000,4.500000,4.950992,,5.000000,4.500000,4.980402,,
120.755938,,5.000000,4.500000,4.980402,,5.000000,4.500000,5.026016,,
131.095375,,5.000000,4.500000,5.026016,,5.000000,4.500000,4.988943,,
141.152592,,5.000000,4.500000,4.988943,,5.000000,4.500000,5.049065,,
151.113752,,5.000000,4.500000,5.049065,,5.000000,4.500000,4.973227,,
161.531762,,5.000000,4.500000,4.973227,,5.000000,4.500000,5.001277,,
171.468754,,5.000000,4.500000,5.001277,,5.000000,4.500000,4.914275,,
181.719272,,5.000000,4.500000,4.914275,,5.000000,4.500000,5.003066,,
191.999929,,5.000000,4.500000,5.003066,,5.000000,4.500000,4.980111,,
201.952112,,5.000000,4.500000,4.980111,,5.000000,4.500000,4.986574,,
212.189126,,5.000000,4.500000,4.986574,,5.000000,4.500000,4.985346,,
222.353840,,5.000000,4.500000,4.985346,,5.000000,4.500000,4.997243,,
232.498355,,5.000000,4.500000,4.997243,,5.000000,4.500000,5.021950,,
242.738345,,5.000000,4.500000,5.021950,,5.000000,4.500000,5.028095,,
252.691582,,5.000000,4.500000,5.028095,,5.000000,4.500000,4.997184,,
262.861603,,5.000000,4.500000,4.997184,,5.000000,4.500000,4.992774,,
273.003608,,5.000000,4.500000,4.992774,,5.000000,4.500000,4.914399,,
283.192999,,5.000000,4.500000,4.914399,,5.000000,4.500000,5.030751,,
293.342795,,5.000000,4.500000,5.030751,,5.000000,4.500000,5.006383,,
303.515624,,5.000000,4.500000,5.006383,,5.000000,4.500000,4.920687,,
313.686865,,5.000000,4.500000,4.920687,,5.000000,4.500000,5.025404,,
323.852837,,5.000000,4.500000,5.025404,,5.000000,4.500000,5.000453,,
333.985637,,5.000000,4.500000,5.000453,,5.000000,4.500000,4.928193,,
344.150053,,5.000000,4.500000,4.928193,,5.000000,4.500000,5.025548,,
354.294193,,5.000000,4.500000,5.025548,,5.000000,4.500000,5.027228,,
364.431420,,5.000000,4.500000,5.027228,,5.000000,4.500000,4.923290,,
374.675955,,5.000000,4.500000,4.923290,,5.000000,4.500000,5.020294,,
384.823179,,5.000000,4.500000,5.020294,,5.000000,4.500000,4.992986,,
394.974751,,5.000000,4.500000,4.992986,,5.000000,4.500000,4.922444,,
405.144202,,5.000000,4.500000,4.922444,,5.000000,4.500000,5.023267,,
415.283464,,5.000000,4.500000,5.023267,,5.000000,4.500000,5.019763,,
425.454834,,5.000000,4.500000,5.019763,,5.000000,4.500000,5.020728,,
435.618268,,5.000000,4.500000,5.020728,,5.000000,4.500000,4.913629,,
445.777202,,5.000000,4.500000,4.913629,,5.000000,4.500000,5.028999,,
455.945740,,5.000000,4.500000,5.028999,,5.000000,4.500000,5.011032,,
466.077471,,5.000000,4.500000,5.011032,,5.000000,4.500000,5.022976,,
476.215897,,5.000000,4.500000,5.022976,,5.000000,4.500000,4.932324,,
486.361310,,5.000000,4.500000,4.932324,,5.000000,4.500000,5.034397,,
496.606361,,5.000000,4.500000,5.034397,,5.000000,4.500000,4.910076,,
506.764422,,5.000000,4.500000,4.910076,,5.000000,4.500000,4.984482,,
516.918540,,5.000000,4.500000,4.984482,,5.000000,4.500000,5.026478,,
527.082315,,5.000000,4.500000,5.026478,,5.000000,4.500000,5.027169,,
537.186527,,5.000000,4.500000,5.027169,,5.000000,4.500000,4.925447,,
547.344017,,5.000000,4.500000,4.925447,,5.000000,4.500000,5.026195,,
557.484381,,5.000000,4.500000,5.026195,,5.000000,4.500000,4.940607,,
567.667412,,5.000000,4.500000,4.940607,,5.000000,4.500000,5.013770,,
577.781655,,5.000000,4.500000,5.013770,,5.000000,4.500000,5.029239,,
587.949060,,5.000000,4.500000,5.029239,,5.000000,4.500000,4.929792,,
598.052473,,5.000000,4.500000,4.929792,,5.000000,4.500000,5.040193,,
608.224065,,5.000000,4.500000,5.040193,,5.000000,4.500000,4.914970,,
618.385235,,5.000000,4.500000,4.914970,,5.000000,4.500000,5.021704,,
628.552717,,5.000000,4.500000,5.021704,,5.000000,4.500000,5.020432,,
638.728294,,5.000000,4.500000,5.020432,,5.000000,4.500000,5.013389,,
648.844256,,5.000000,4.500000,5.013389,,5.000000,4.500000,4.928915,,
658.995586,,5.000000,4.500000,4.928915,,5.000000,4.500000,5.019783,,
669.142235,,5.000000,4.500000,5.019783,,5.000000,4.500000,4.941819,,
679.312035,,5.000000,4.500000,4.941819,,5.000000,4.500000,5.015799,,
689.423173,,5.000000,4.500000,5.015799,,5.000000,4.500000,5.026842,,
699.671302,,5.000000,4.500000,5.026842,,5.000000,4.500000,4.935818,,
709.589447,,5.000000,4.500000,4.935818,,5.000000,4.500000,4.996114,,
719.730987,,5.000000,4.500000,4.996114,,5.000000,4.500000,5.024617,,
729.886669,,5.000000,4.500000,5.024617,,5.000000,4.500000,4.925857,,
739.996595,,5.000000,4.500000,4.925857,,5.000000,4.500000,5.037119,,
750.155055,,5.000000,4.500000,5.037119,,5.000000,4.500000,4.935887,,
760.340066,,5.000000,4.500000,4.935887,,5.000000,4.500000,5.017504,,
770.499674,,5.000000,4.500000,5.017504,,5.000000,4.500000,5.005324,,
780.659731,,5.000000,4.500000,5.005324,,5.000000,4.500000,4.913376,,
794.852485,,5.000000,4.500000,4.913376,,5.000000,4.500000,5.773524,VIOLATION,
807.107755,,5.000000,4.500000,5.773524,,5.000000,4.500000,4.931401,VIOLATION,
818.352923,,5.000000,4.500000,4.931401,,5.000000,4.500000,5.033048,,
825.727554,,5.000000,4.500000,5.033048,,5.000000,4.500000,5.020121,,
835.900616,,5.000000,4.500000,5.020121,,5.000000,4.500000,4.923370,,
846.081105,,5.000000,4.500000,4.923370,,5.000000,4.500000,5.019734,,
856.229007,,5.000000,4.500000,5.019734,,5.000000,4.500000,5.026591,,
866.394885,,5.000000,4.500000,5.026591,,5.000000,4.500000,5.017034,,
876.543214,,5.000000,4.500000,5.017034,,5.000000,4.500000,5.026289,,
886.691274,,5.000000,4.500000,5.026289,,5.000000,4.500000,4.915035,,
896.818694,,5.000000,4.500000,4.915035,,5.000000,4.500000,5.020950,,
907.034194,,5.000000,4.500000,5.020950,,5.000000,4.500000,4.913549,,
917.216779,,5.000000,4.500000,4.913549,,5.000000,4.500000,5.001999,,
927.367904,,5.000000,4.500000,5.001999,,5.000000,4.500000,5.011132,,
937.565084,,5.000000,4.500000,5.011132,,5.000000,4.500000,4.914235,,
947.769704,,5.000000,4.500000,4.914235,,5.000000,4.500000,4.902860,,
957.975815,,5.000000,4.500000,4.902860,,5.000000,4.500000,4.991750,,
968.132118,,5.000000,4.500000,4.991750,,5.000000,4.500000,5.029682,,
978.346571,,5.000000,4.500000,5.029682,,5.000000,4.500000,4.884874,,
988.506263,,5.000000,4.500000,4.884874,,5.000000,4.500000,5.021196,,
998.684457,,5.000000,4.500000,5.021196,,5.000000,4.500000,4.904786,,
1008.898488,,5.000000,4.500000,4.904786,,5.000000,4.500000,5.006173,,
1019.082638,,5.000000,4.500000,5.006173,,5.000000,4.500000,4.908573,,
1029.264393,,5.000000,4.500000,4.908573,,5.000000,4.500000,5.001620,,
1039.408943,,5.000000,4.500000,5.001620,,5.000000,4.500000,4.922777,,
1049.530939,,5.000000,4.500000,4.922777,,5.000000,4.500000,4.938924,,
1059.761125,,5.000000,4.500000,4.938924,,5.000000,4.500000,5.004069,,
1069.941376,,5.000000,4.500000,5.004069,,5.000000,4.500000,4.903639,,
1080.147889,,5.000000,4.500000,4.903639,,5.000000,4.500000,4.998523,,
1090.341791,,5.000000,4.500000,4.998523,,5.000000,4.500000,4.894206,,
1100.567511,,5.000000,4.500000,4.894206,,5.000000,4.500000,4.999910,,
1110.757545,,5.000000,4.500000,4.999910,,5.000000,4.500000,4.897014,,
1120.962870,,5.000000,4.500000,4.897014,,5.000000,4.500000,4.997781,,
1131.147397,,5.000000,4.500000,4.997781,,5.000000,4.500000,4.916722,,
1141.374512,,5.000000,4.500000,4.916722,,5.000000,4.500000,4.980709,,
1151.587694,,5.000000,4.500000,4.980709,,5.000000,4.500000,4.899106,,
1161.795976,,5.000000,4.500000,4.899106,,5.000000,4.500000,5.002152,,
1172.000163,,5.000000,4.500000,5.002152,,5.000000,4.500000,4.887000,,
1182.151012,,5.000000,4.500000,4.887000,,5.000000,4.500000,5.023086,,
1192.359586,,5.000000,4.500000,5.023086,,5.000000,4.500000,4.904109,,
1202.583051,,5.000000,4.500000,4.904109,,5.000000,4.500000,4.987220,,
1212.731676,,5.000000,4.500000,4.987220,,5.000000,4.500000,4.926427,,
1222.958554,,5.000000,4.500000,4.926427,,5.000000,4.500000,4.897750,,
1233.207411,,5.000000,4.500000,4.897750,,5.000000,4.500000,4.976208,,
1243.331033,,5.000000,4.500000,4.976208,,5.000000,4.500000,4.924214,,
1253.577409,,5.000000,4.500000,4.924214,,5.000000,4.500000,4.989356,,
1263.812057,,5.000000,4.500000,4.989356,,5.000000,4.500000,4.889744,,
1273.960713,,5.000000,4.500000,4.889744,,5.000000,4.500000,5.015077,,
1284.171829,,5.000000,4.500000,5.015077,,5.000000,4.500000,4.900064,,
1294.330999,,5.000000,4.500000,4.900064,,5.000000,4.500000,5.021599,,
1304.533166,,5.000000,4.500000,5.021599,,5.000000,4.500000,4.891344,,
1314.720922,,5.000000,4.500000,4.891344,,5.000000,4.500000,4.911219,,
1325.035770,,5.000000,4.500000,4.911219,,5.000000,4.500000,5.009219,,
1334.974351,,5.000000,4.500000,5.009219,,5.000000,4.500000,4.981314,,
1345.194862,,5.000000,4.500000,4.981314,,5.000000,4.500000,4.881824,,
1355.506852,,5.000000,4.500000,4.881824,,5.000000,4.500000,4.986749,,
1365.525949,,5.000000,4.500000,4.986749,,5.000000,4.500000,4.973314,,
1375.770773,,5.000000,4.500000,4.973314,,5.000000,4.500000,4.879308,,
1385.981114,,5.000000,4.500000,4.879308,,5.000000,4.500000,4.991118,,
1396.042395,,5.000000,4.500000,4.991118,,5.000000,4.500000,4.893151,,
1406.048201,,5.000000,4.500000,4.893151,,5.000000,4.500000,4.985435,,
1416.046622,,5.000000,4.500000,4.985435,,5.000000,4.500000,4.990097,,
1426.011115,,5.000000,4.500000,4.990097,,5.000000,4.500000,4.890530,,
1436.163923,,5.000000,4.500000,4.890530,,5.000000,4.500000,4.929736,,
1446.431478,,5.000000,4.500000,4.929736,,5.000000,4.500000,4.994226,,
1456.460254,,5.000000,4.500000,4.994226,,5.000000,4.500000,4.970682,,
1466.670827,,5.000000,4.500000,4.970682,,5.000000,4.500000,4.923404,,
1476.618392,,5.000000,4.500000,4.923404,,5.000000,4.500000,4.991709,,
1486.894832,,5.000000,4.500000,4.991709,,5.000000,4.500000,4.892624,,
1496.911505,,5.000000,4.500000,4.892624,,5.000000,4.500000,4.974433,,
1507.245773,,5.000000,4.500000,4.974433,,5.000000,4.500000,4.975624,,
1517.290104,,5.000000,4.500000,4.975624,,5.000000,4.500000,4.959662,,
1527.361622,,5.000000,4.500000,4.959662,,5.000000,4.500000,4.872857,,
1537.336628,,5.000000,4.500000,4.872857,,5.000000,4.500000,4.973889,,
1547.356263,,5.000000,4.500000,4.973889,,5.000000,4.500000,4.894419,,
1557.605114,,5.000000,4.500000,4.894419,,5.000000,4.500000,4.977190,,
1567.953951,,5.000000,4.500000,4.977190,,5.000000,4.500000,4.977520,,
1577.920512,,5.000000,4.500000,4.977520,,5.000000,4.500000,4.958705,,
1588.174913,,5.000000,4.500000,4.958705,,5.000000,4.500000,4.895519,,
1598.197390,,5.000000,4.500000,4.895519,,5.000000,4.500000,4.993373,,
1608.180583,,5.000000,4.500000,4.993373,,5.000000,4.500000,4.988084,,
1618.426605,,5.000000,4.500000,4.988084,,5.000000,4.500000,4.883822,,
1628.668576,,5.000000,4.500000,4.883822,,5.000000,4.500000,4.986262,,
1638.857839,,5.000000,4.500000,4.986262,,5.000000,4.500000,4.991008,,
1649.069221,,5.000000,4.500000,4.991008,,5.000000,4.500000,4.888259,,
1659.309110,,5.000000,4.500000,4.888259,,5.000000,4.500000,4.996561,,
1669.460998,,5.000000,4.500000,4.996561,,5.000000,4.500000,4.917826,,
1679.637556,,5.000000,4.500000,4.917826,,5.000000,4.500000,4.890913,,
1689.721173,,5.000000,4.500000,4.890913,,5.000000,4.500000,4.964594,,
1699.946818,,5.000000,4.500000,4.964594,,5.000000,4.500000,5.002987,,
1710.128376,,5.000000,4.500000,5.002987,,5.000000,4.500000,4.902699,,
1720.296266,,5.000000,4.500000,4.902699,,5.000000,4.500000,5.005409,,
1730.494571,,5.000000,4.500000,5.005409,,5.000000,4.500000,4.916656,,
1740.689930,,5.000000,4.500000,4.916656,,5.000000,4.500000,4.997388,,
1750.888320,,5.000000,4.500000,4.997388,,5.000000,4.500000,4.908960,,
1761.042712,,5.000000,4.500000,4.908960,,5.000000,4.500000,5.004356,,
1771.228291,,5.000000,4.500000,5.004356,,5.000000,4.500000,4.916412,,
1781.416099,,5.000000,4.500000,4.916412,,5.000000,4.500000,5.005167,,
1791.635989,,5.000000,4.500000,5.005167,,5.000000,4.500000,4.896318,,
1801.863893,,5.000000,4.500000,4.896318,,5.000000,4.500000,4.991022,,
1812.081510,,5.000000,4.500000,4.991022,,5.000000,4.500000,4.892927,,
1822.239264,,5.000000,4.500000,4.892927,,5.000000,4.500000,4.912441,,
1832.480611,,5.000000,4.500000,4.912441,,5.000000,4.500000,4.987495,,
1842.707844,,5.000000,4.500000,4.987495,,5.000000,4.500000,4.994144,,
1852.866842,,5.000000,4.500000,4.994144,,5.000000,4.500000,4.911861,,
1863.094678,,5.000000,4.500000,4.911861,,5.000000,4.500000,4.896311,,
1873.299604,,5.000000,4.500000,4.896311,,5.000000,4.500000,4.992497,,
1883.458511,,5.000000,4.500000,4.992497,,5.000000,4.500000,5.008641,,
1893.674607,,5.000000,4.500000,5.008641,,5.000000,4.500000,4.907344,,
1903.913633,,5.000000,4.500000,4.907344,,5.000000,4.500000,4.984037,,
1914.040529,,5.000000,4.500000,4.984037,,5.000000,4.500000,4.923036,,
1924.294258,,5.000000,4.500000,4.923036,,5.000000,4.500000,4.991196,,
1934.487665,,5.000000,4.500000,4.991196,,5.000000,4.500000,4.895983,,
1944.601232,,5.000000,4.500000,4.895983,,5.000000,4.500000,5.033043,,
1954.790871,,5.000000,4.500000,5.033043,,5.000000,4.500000,4.914129,,
1964.927346,,5.000000,4.500000,4.914129,,5.000000,4.500000,4.934008,,
1975.089491,,5.000000,4.500000,4.934008,,5.000000,4.500000,5.023780,,
1985.256937,,5.000000,4.500000,5.023780,,5.000000,4.500000,4.916291,,
1995.607424,,5.000000,4.500000,4.916291,,5.000000,4.500000,5.006395,,
2005.566405,,5.000000,4.500000,5.006395,,5.000000,4.500000,4.937809,,
2015.743136,,5.000000,4.500000,4.937809,,5.000000,4.500000,4.913478,,
2025.905831,,5.000000,4.500000,4.913478,,5.000000,4.500000,5.010069,,
2036.089667,,5.000000,4.500000,5.010069,,5.000000,4.500000,4.910794,,
2046.299089,,5.000000,4.500000,4.910794,,5.000000,4.500000,5.015292,,
2056.489675,,5.000000,4.500000,5.015292,,5.000000,4.500000,4.989392,,
2066.633446,,5.000000,4.500000,4.989392,,5.000000,4.500000,4.920034,,
2076.837829,,5.000000,4.500000,4.920034,,5.000000,4.500000,4.907137,,
2087.067427,,5.000000,4.500000,4.907137,,5.000000,4.500000,4.990702,,
2097.235389,,5.000000,4.500000,4.990702,,5.000000,4.500000,4.909623,,
2107.464197,,5.000000,4.500000,4.909623,,5.000000,4.500000,4.985126,,
2117.711040,,5.000000,4.500000,4.985126,,5.000000,4.500000,4.904573,,
2127.842765,,5.000000,4.500000,4.904573,,5.000000,4.500000,5.004605,,
2138.069822,,5.000000,4.500000,5.004605,,5.000000,4.500000,4.905872,,
2148.194439,,5.000000,4.500000,4.905872,,5.000000,4.500000,4.927307,,
2158.398988,,5.000000,4.500000,4.927307,,5.000000,4.500000,4.993661,,
2168.577727,,5.000000,4.500000,4.993661,,5.000000,4.500000,4.913774,,
2178.776758,,5.000000,4.500000,4.913774,,5.000000,4.500000,5.014556,,
2188.994103,,5.000000,4.500000,5.014556,,5.000000,4.500000,4.984043,,
2199.130196,,5.000000,4.500000,4.984043,,5.000000,4.500000,4.918710,,
2209.360165,,5.000000,4.500000,4.918710,,5.000000,4.500000,4.998644,,
2219.507333,,5.000000,4.500000,4.998644,,5.000000,4.500000,4.926497,,
2229.702874,,5.000000,4.500000,4.926497,,5.000000,4.500000,4.901944,,
2239.864748,,5.000000,4.500000,4.901944,,5.000000,4.500000,5.005312,,
2250.088135,,5.000000,4.500000,5.005312,,5.000000,4.500000,4.916461,,
2260.308225,,5.000000,4.500000,4.916461,,5.000000,4.500000,4.976453,,
2270.507295,,5.000000,4.500000,4.976453,,5.000000,4.500000,4.896532,,
2280.709249,,5.000000,4.500000,4.896532,,5.000000,4.500000,5.018152,,
2290.935735,,5.000000,4.500000,5.018152,,5.000000,4.500000,4.890334,,
2300.936094,,5.000000,4.500000,4.890334,,5.000000,4.500000,4.996667,,
2311.091757,,5.000000,4.500000,4.996667,,5.000000,4.500000,4.919773,,
2321.384899,,5.000000,4.500000,4.919773,,5.000000,4.500000,4.978227,,
2331.405623,,5.000000,4.500000,4.978227,,5.000000,4.500000,4.896286,,
2341.606901,,5.000000,4.500000,4.896286,,5.000000,4.500000,4.989238,,
2351.816356,,5.000000,4.500000,4.989238,,5.000000,4.500000,4.888534,,
2362.095078,,5.000000,4.500000,4.888534,,5.000000,4.500000,4.984147,,
2372.124621,,5.000000,4.500000,4.984147,,5.000000,4.500000,4.994908,,
2382.128651,,5.000000,4.500000,4.994908,,5.000000,4.500000,4.875125,,
2392.190171,,5.000000,4.500000,4.875125,,5.000000,4.500000,4.977638,,
2402.238538,,5.000000,4.500000,4.977638,,5.000000,4.500000,4.977090,,
2412.446497,,5.000000,4.500000,4.977090,,5.000000,4.500000,4.877188,,
2422.582211,,5.000000,4.500000,4.877188,,5.000000,4.500000,5.011857,,
2432.876637,,5.000000,4.500000,5.011857,,5.000000,4.500000,4.904554,,
2442.878245,,5.000000,4.500000,4.904554,,5.000000,4.500000,4.988462,,
2452.912739,,5.000000,4.500000,4.988462,,5.000000,4.500000,4.879738,,
2462.931535,,5.000000,4.500000,4.879738,,5.000000,4.500000,4.983267,,
2473.223611,,5.000000,4.500000,4.983267,,5.000000,4.500000,4.973732,,
2483.265802,,5.000000,4.500000,4.973732,,5.000000,4.500000,4.870989,,
2493.396057,,5.000000,4.500000,4.870989,,5.000000,4.500000,5.021318,,
2503.671275,,5.000000,4.500000,5.021318,,5.000000,4.500000,4.890082,,
2513.712392,,5.000000,4.500000,4.890082,,5.000000,4.500000,4.973856,,
2523.924120,,5.000000,4.500000,4.973856,,5.000000,4.500000,4.975205,,
2534.103833,,5.000000,4.500000,4.975205,,5.000000,4.500000,4.983265,,
2544.320209,,5.000000,4.500000,4.983265,,5.000000,4.500000,4.915283,,
2554.511630,,5.000000,4.500000,4.915283,,5.000000,4.500000,4.994630,,
2564.694121,,5.000000,4.500000,4.994630,,5.000000,4.500000,4.905086,,
2574.884267,,5.000000,4.500000,4.905086,,5.000000,4.500000,4.910877,,
2585.084750,,5.000000,4.500000,4.910877,,5.000000,4.500000,5.001420,,
2595.235133,,5.000000,4.500000,5.001420,,5.000000,4.500000,4.916123,,
2605.492944,,5.000000,4.500000,4.916123,,5.000000,4.500000,4.984030,,
2615.712956,,5.000000,4.500000,4.984030,,5.000000,4.500000,4.983461,,
2625.847676,,5.000000,4.500000,4.983461,,5.000000,4.500000,4.933359,,
2636.095573,,5.000000,4.500000,4.933359,,5.000000,4.500000,4.899085,,
2646.268897,,5.000000,4.500000,4.899085,,5.000000,4.500000,4.997266,,
2656.452986,,5.000000,4.500000,4.997266,,5.000000,4.500000,4.895902,,
2666.604973,,5.000000,4.500000,4.895902,,5.000000,4.500000,5.024672,,
2676.809983,,5.000000,4.500000,5.024672,,5.000000,4.500000,4.908379,,
2686.994009,,5.000000,4.500000,4.908379,,5.000000,4.500000,4.909301,,
2697.157054,,5.000000,4.500000,4.909301,,5.000000,4.500000,5.016346,,
2707.311778,,5.000000,4.500000,5.016346,,5.000000,4.500000,4.916828,,
2717.732677,,5.000000,4.500000,4.916828,,5.000000,4.500000,4.922167,,
2727.662511,,5.000000,4.500000,4.922167,,5.000000,4.500000,5.005820,,
2737.823946,,5.000000,4.500000,5.005820,,5.000000,4.500000,4.918488,,
2748.057976,,5.000000,4.500000,4.918488,,5.000000,4.500000,4.898204,,
2758.273624,,5.000000,4.500000,4.898204,,5.000000,4.500000,4.993142,,
2768.447553,,5.000000,4.500000,4.993142,,5.000000,4.500000,4.916653,,
2778.674306,,5.000000,4.500000,4.916653,,5.000000,4.500000,4.985754,,
2788.856387,,5.000000,4.500000,4.985754,,5.000000,4.500000,4.908564,,
2799.040877,,5.000000,4.500000,4.908564,,5.000000,4.500000,5.003103,,
2809.219436,,5.000000,4.500000,5.003103,,5.000000,4.500000,4.905172,,
2819.423853,,5.000000,4.500000,4.905172,,5.000000,4.500000,5.027255,,
2829.625803,,5.000000,4.500000,5.027255,,5.000000,4.500000,4.986377,,
2839.751348,,5.000000,4.500000,4.986377,,5.000000,4.500000,4.926064,,
2849.934979,,5.000000,4.500000,4.926064,,5.000000,4.500000,5.034486,,
2860.086243,,5.000000,4.500000,5.034486,,5.000000,4.500000,5.007288,,
2870.207310,,5.000000,4.500000,5.007288,,5.000000,4.500000,4.924361,,
2880.387772,,5.000000,4.500000,4.924361,,5.000000,4.500000,5.035152,,
2890.578832,,5.000000,4.500000,5.035152,,5.000000,4.500000,5.012960,,
2900.701731,,5.000000,4.500000,5.012960,,5.000000,4.500000,5.008645,,
2910.839978,,5.000000,4.500000,5.008645,,5.000000,4.500000,4.938337,,
2920.957431,,5.000000,4.500000,4.938337,,5.000000,4.500000,4.944266,,
2931.134312,,5.000000,4.500000,4.944266,,5.000000,4.500000,5.028239,,
2941.220673,,5.000000,4.500000,5.028239,,5.000000,4.500000,5.028506,,
2951.400444,,5.000000,4.500000,5.028506,,5.000000,4.500000,4.929524,,
2961.511344,,5.000000,4.500000,4.929524,,5.000000,4.500000,5.032533,,
2971.652216,,5.000000,4.500000,5.032533,,5.000000,4.500000,5.025837,,
2981.768570,,5.000000,4.500000,5.025837,,5.000000,4.500000,4.934332,,
2991.916499,,5.000000,4.500000,4.934332,,5.000000,4.500000,5.046732,,
3002.053195,,5.000000,4.500000,5.046732,,5.000000,4.500000,4.924271,,
3012.177602,,5.000000,4.500000,4.924271,,5.000000,4.500000,5.040149,,
3022.288140,,5.000000,4.500000,5.040149,,5.000000,4.500000,4.937672,,
3032.524621,,5.000000,4.500000,4.937672,,5.000000,4.500000,5.015560,,
3042.672164,,5.000000,4.500000,5.015560,,5.000000,4.500000,4.996102,,
3052.792518,,5.000000,4.500000,4.996102,,5.000000,4.500000,4.932523,,
3062.911855,,5.000000,4.500000,4.932523,,5.000000,4.500000,5.036457,,
3073.053102,,5.000000,4.500000,5.036457,,5.000000,4.500000,4.946238,,
3083.237766,,5.000000,4.500000,4.946238,,5.000000,4.500000,5.016518,,
3093.320380,,5.000000,4.500000,5.016518,,5.000000,4.500000,5.032999,,
3103.407982,,5.000000,4.500000,5.032999,,5.000000,4.500000,4.962958,,
3113.405285,,5.000000,4.500000,4.962958,,5.000000,4.500000,4.997240,,
3123.503488,,5.000000,4.500000,4.997240,,5.000000,4.500000,4.948894,,
3133.645037,,5.000000,4.500000,4.948894,,5.000000,4.500000,5.047267,,
3143.771529,,5.000000,4.500000,5.047267,,5.000000,4.500000,4.927712,,
3153.892712,,5.000000,4.500000,4.927712,,5.000000,4.500000,5.041056,,
3164.014775,,5.000000,4.500000,5.041056,,5.000000,4.500000,4.935351,,
3174.167896,,5.000000,4.500000,4.935351,,5.000000,4.500000,5.031611,,
3184.309297,,5.000000,4.500000,5.031611,,5.000000,4.500000,5.021007,,
3194.425969,,5.000000,4.500000,5.021007,,5.000000,4.500000,4.939838,,
3204.550079,,5.000000,4.500000,4.939838,,5.000000,4.500000,5.034130,,
3214.688597,,5.000000,4.500000,5.034130,,5.000000,4.500000,4.944090,,
3224.853427,,5.000000,4.500000,4.944090,,5.000000,4.500000,4.920898,,
3234.973758,,5.000000,4.500000,4.920898,,5.000000,4.500000,5.024622,,
3245.084559,,5.000000,4.500000,5.024622,,5.000000,4.500000,4.950922,,
3255.230477,,5.000000,4.500000,4.950922,,5.000000,4.500000,5.027388,,
3265.383633,,5.000000,4.500000,5.027388,,5.000000,4.500000,5.028915,,
3275.534668,,5.000000,4.500000,5.028915,,5.000000,4.500000,4.927066,,
3285.660296,,5.000000,4.500000,4.927066,,5.000000,4.500000,5.029635,,
3295.827330,,5.000000,4.500000,5.029635,,5.000000,4.500000,4.932362,,
3306.005682,,5.000000,4.500000,4.932362,,5.000000,4.500000,5.007140,,
3316.120352,,5.000000,4.500000,5.007140,,5.000000,4.500000,5.027582,,
3326.259753,,5.000000,4.500000,5.027582,,5.000000,4.500000,4.933051,,
3336.417552,,5.000000,4.500000,4.933051,,5.000000,4.500000,4.938733,,
3346.582511,,5.000000,4.500000,4.938733,,5.000000,4.500000,5.016145,,
3356.692889,,5.000000,4.500000,5.016145,,5.000000,4.500000,5.031152,,
3366.825877,,5.000000,4.500000,5.031152,,5.000000,4.500000,4.930590,,
3376.935875,,5.000000,4.500000,4.930590,,5.000000,4.500000,5.044940,,
3387.088786,,5.000000,4.500000,5.044940,,5.000000,4.500000,4.937748,,
3397.196989,,5.000000,4.500000,4.937748,,5.000000,4.500000,5.025012,,
3407.333945,,5.000000,4.500000,5.025012,,5.000000,4.500000,4.950188,,
3417.482969,,5.000000,4.500000,4.950188,,5.000000,4.500000,5.021942,,
3427.613797,,5.000000,4.500000,5.021942,,5.000000,4.500000,5.042757,,
3437.734759,,5.000000,4.500000,5.042757,,5.000000,4.500000,4.923654,,
3447.869208,,5.000000,4.500000,4.923654,,5.000000,4.500000,5.036500,,
3458.036086,,5.000000,4.500000,5.036500,,5.000000,4.500000,5.021107,,
3468.216165,,5.000000,4.500000,5.021107,,5.000000,4.500000,4.938908,,
3478.351607,,5.000000,4.500000,4.938908,,5.000000,4.500000,5.001258,,
3488.441198,,5.000000,4.500000,5.001258,,5.000000,4.500000,4.949737,,
3498.576393,,5.000000,4.500000,4.949737,,5.000000,4.500000,5.042785,,
3508.733393,,5.000000,4.500000,5.042785,,5.000000,4.500000,5.014421,,
3518.856170,,5.000000,4.500000,5.014421,,5.000000,4.500000,4.935933,,
3528.971285,,5.000000,4.500000,4.935933,,5.000000,4.500000,5.038790,,
3539.105505,,5.000000,4.500000,5.038790,,5.000000,4.500000,4.946742,,
3549.271158,,5.000000,4.500000,4.946742,,5.000000,4.500000,5.018823,,
3559.375579,,5.000000,4.500000,5.018823,,5.000000,4.500000,4.928462,,
3569.493018,,5.000000,4.500000,4.928462,,5.000000,4.500000,5.048236,,
3579.636256,,5.000000,4.500000,5.048236,,5.000000,4.500000,4.941154,,
3589.739485,,5.000000,4.500000,4.941154,,5.000000,4.500000,5.043623,,
3599.882372,,5.000000,4.500000,5.043623,,5.000000,4.500000,4.931217,,
3610.024155,,5.000000,4.500000,4.931217,,5.000000,4.500000,5.027722,,
3620.187421,,5.000000,4.500000,5.027722,,5.000000,4.500000,4.922752,,
3630.336084,,5.000000,4.500000,4.922752,,5.000000,4.500000,5.022447,,
3640.443486,,5.000000,4.500000,5.022447,,5.000000,4.500000,5.032754,,
3650.561937,,5.000000,4.500000,5.032754,,5.000000,4.500000,4.946937,,
3660.759570,,5.000000,4.500000,4.946937,,5.000000,4.500000,5.030460,,
3670.909526,,5.000000,4.500000,5.030460,,5.000000,4.500000,4.911522,,
3681.025780,,5.000000,4.500000,4.911522,,5.000000,4.500000,5.026711,,
3691.155587,,5.000000,4.500000,5.026711,,5.000000,4.500000,5.028915,,
3701.335390,,5.000000,4.500000,5.028915,,5.000000,4.500000,4.939529,,
3711.494647,,5.000000,4.500000,4.939529,,5.000000,4.500000,5.007555,,
3721.631919,,5.000000,4.500000,5.007555,,5.000000,4.500000,4.932523,,
3731.823144,,5.000000,4.500000,4.932523,,5.000000,4.500000,5.011873,,
3742.036537,,5.000000,4.500000,5.011873,,5.000000,4.500000,4.990900,,
3752.250397,,5.000000,4.500000,4.990900,,5.000000,4.500000,4.899776,,
3762.500930,,5.000000,4.500000,4.899776,,5.000000,4.500000,4.985463,,
3772.465664,,5.000000,4.500000,4.985463,,5.000000,4.500000,4.992947,,
3782.668803,,5.000000,4.500000,4.992947,,5.000000,4.500000,4.923063,,
3792.805736,,5.000000,4.500000,4.923063,,5.000000,4.500000,4.904896,,
3803.196833,,5.000000,4.500000,4.904896,,5.000000,4.500000,4.995793,,
3813.150748,,5.000000,4.500000,4.995793,,5.000000,4.500000,4.939235,,
3823.293741,,5.000000,4.500000,4.939235,,5.000000,4.500000,4.927469,,
3833.481341,,5.000000,4.500000,4.927469,,5.000000,4.500000,5.000817,,
3843.676991,,5.000000,4.500000,5.000817,,5.000000,4.500000,4.902750,,
3853.888450,,5.000000,4.500000,4.902750,,5.000000,4.500000,5.016054,,
3864.096895,,5.000000,4.500000,5.016054,,5.000000,4.500000,4.896035,,
3874.218662,,5.000000,4.500000,4.896035,,5.000000,4.500000,5.016587,,
3884.452136,,5.000000,4.500000,5.016587,,5.000000,4.500000,4.904957,,
3894.652401,,5.000000,4.500000,4.904957,,5.000000,4.500000,4.991048,,
3904.818181,,5.000000,4.500000,4.991048,,5.000000,4.500000,4.907971,,
3915.049665,,5.000000,4.500000,4.907971,,5.000000,4.500000,5.013176,,
3925.222964,,5.000000,4.500000,5.013176,,5.000000,4.500000,4.903271,,
3935.419332,,5.000000,4.500000,4.903271,,5.000000,4.500000,5.000291,,
3945.575577,,5.000000,4.500000,5.000291,,5.000000,4.500000,4.906368,,
3955.815900,,5.000000,4.500000,4.906368,,5.000000,4.500000,4.913688,,
3966.030812,,5.000000,4.500000,4.913688,,5.000000,4.500000,4.979011,,
3976.185289,,5.000000,4.500000,4.979011,,5.000000,4.500000,5.008966,,
3986.412241,,5.000000,4.500000,5.008966,,5.000000,4.500000,4.901583,,
3996.634983,,5.000000,4.500000,4.901583,,5.000000,4.500000,4.987710,,
4006.745326,,5.000000,4.500000,4.987710,,5.000000,4.500000,4.928190,,
4016.919301,,5.000000,4.500000,4.928190,,5.000000,4.500000,4.918431,,
4027.116379,,5.000000,4.500000,4.918431,,5.000000,4.500000,5.011451,,
4037.336812,,5.000000,4.500000,5.011451,,5.000000,4.500000,4.889923,,
4047.444975,,5.000000,4.500000,4.889923,,5.000000,4.500000,4.938927,,
4057.716355,,5.000000,4.500000,4.938927,,5.000000,4.500000,4.989340,,
4067.921266,,5.000000,4.500000,4.989340,,5.000000,4.500000,4.978392,,
4078.136794,,5.000000,4.500000,4.978392,,5.000000,4.500000,4.908748,,
4088.305783,,5.000000,4.500000,4.908748,,5.000000,4.500000,4.907950,,
4098.466413,,5.000000,4.500000,4.907950,,5.000000,4.500000,5.022842,,
4108.630685,,5.000000,4.500000,5.022842,,5.000000,4.500000,4.904488,,
4118.838388,,5.000000,4.500000,4.904488,,5.000000,4.500000,5.013274,,
4129.006985,,5.000000,4.500000,5.013274,,5.000000,4.500000,4.910431,,
4139.227833,,5.000000,4.500000,4.910431,,5.000000,4.500000,4.988865,,
4149.379381,,5.000000,4.500000,4.988865,,5.000000,4.500000,4.916262,,
4159.564348,,5.000000,4.500000,4.916262,,5.000000,4.500000,5.014161,,
4169.736848,,5.000000,4.500000,5.014161,,5.000000,4.500000,4.931224,,
4179.968472,,5.000000,4.500000,4.931224,,5.000000,4.500000,4.884881,,
4190.182221,,5.000000,4.500000,4.884881,,5.000000,4.500000,4.987321,,
4200.318626,,5.000000,4.500000,4.987321,,5.000000,4.500000,4.927280,,
4210.515426,,5.000000,4.500000,4.927280,,5.000000,4.500000,4.997758,,
4220.648055,,5.000000,4.500000,4.997758,,5.000000,4.500000,4.933346,,
4230.892367,,5.000000,4.500000,4.933346,,5.000000,4.500000,4.994468,,
4241.113845,,5.000000,4.500000,4.994468,,5.000000,4.500000,4.881587,,
4251.316042,,5.000000,4.500000,4.881587,,5.000000,4.500000,4.992802,,
4261.524541,,5.000000,4.500000,4.992802,,5.000000,4.500000,5.012783,,
4271.683853,,5.000000,4.500000,5.012783,,5.000000,4.500000,4.909941,,
4281.838130,,5.000000,4.500000,4.909941,,5.000000,4.500000,4.915130,,
4292.142049,,5.000000,4.500000,4.915130,,5.000000,4.500000,5.031205,,
4302.056763,,5.000000,4.500000,5.031205,,5.000000,4.500000,4.954793,,
4312.255145,,5.000000,4.500000,4.954793,,5.000000,4.500000,4.913385,,
4322.477826,,5.000000,4.500000,4.913385,,5.000000,4.500000,4.902982,,
4332.603977,,5.000000,4.500000,4.902982,,5.000000,4.500000,4.923542,,
4342.846841,,5.000000,4.500000,4.923542,,5.000000,4.500000,4.997950,,
4353.123563,,5.000000,4.500000,4.997950,,5.000000,4.500000,4.884364,,
4363.112626,,5.000000,4.500000,4.884364,,5.000000,4.500000,4.987502,,
4373.310056,,5.000000,4.500000,4.987502,,5.000000,4.500000,5.008245,,
4383.611726,,5.000000,4.500000,5.008245,,5.000000,4.500000,4.881437,,
4393.647210,,5.000000,4.500000,4.881437,,5.000000,4.500000,4.978837,,
4403.600182,,5.000000,4.500000,4.978837,,5.000000,4.500000,4.893434,,
4413.834747,,5.000000,4.500000,4.893434,,5.000000,4.500000,4.983279,,
4423.802837,,5.000000,4.500000,4.983279,,5.000000,4.500000,4.995460,,
4433.976618,,5.000000,4.500000,4.995460,,5.000000,4.500000,4.921803,,
4444.254714,,5.000000,4.500000,4.921803,,5.000000,4.500000,4.991604,,
4454.202658,,5.000000,4.500000,4.991604,,5.000000,4.500000,4.899722,,
4464.444011,,5.000000,4.500000,4.899722,,5.000000,4.500000,4.997320,,
4474.659842,,5.000000,4.500000,4.997320,,5.000000,4.500000,4.981934,,
4484.993108,,5.000000,4.500000,4.981934,,5.000000,4.500000,4.881566,,
4495.023315,,5.000000,4.500000,4.881566,,5.000000,4.500000,4.960943,,
4505.027993,,5.000000,4.500000,4.960943,,5.000000,4.500000,4.995716,,
4515.046578,,5.000000,4.500000,4.995716,,5.000000,4.500000,4.979964,,
4525.519372,,5.000000,4.500000,4.979964,,5.000000,4.500000,4.892215,,
4535.175737,,5.000000,4.500000,4.892215,,5.000000,4.500000,5.020920,,
4545.463293,,5.000000,4.500000,5.020920,,5.000000,4.500000,4.893190,,
4555.429833,,5.000000,4.500000,4.893190,,5.000000,4.500000,4.992749,,
4565.734595,,5.000000,4.500000,4.992749,,5.000000,4.500000,4.886244,,
4575.752700,,5.000000,4.500000,4.886244,,5.000000,4.500000,4.988939,,
4585.814962,,5.000000,4.500000,4.988939,,5.000000,4.500000,4.974699,,
4595.821152,,5.000000,4.500000,4.974699,,5.000000,4.500000,4.969421,,
4606.120286,,5.000000,4.500000,4.969421,,5.000000,4.500000,4.974647,,
4616.161349,,5.000000,4.500000,4.974647,,5.000000,4.500000,4.872620,,
4626.116010,,5.000000,4.500000,4.872620,,5.000000,4.500000,4.997092,,
4636.348485,,5.000000,4.500000,4.997092,,5.000000,4.500000,4.900041,,
4646.648986,,5.000000,4.500000,4.900041,,5.000000,4.500000,4.982814,,
4656.739319,,5.000000,4.500000,4.982814,,5.000000,4.500000,4.943235,,
4666.746043,,5.000000,4.500000,4.943235,,5.000000,4.500000,4.982481,,
4676.993918,,5.000000,4.500000,4.982481,,5.000000,4.500000,4.894031,,
4687.148546,,5.000000,4.500000,4.894031,,5.000000,4.500000,4.970453,,
4697.064705,,5.000000,4.500000,4.970453,,5.000000,4.500000,4.949578,,
4707.392412,,5.000000,4.500000,4.949578,,5.000000,4.500000,4.985979,,
4717.385226,,5.000000,4.500000,4.985979,,5.000000,4.500000,4.978895,,
4727.335647,,5.000000,4.500000,4.978895,,5.000000,4.500000,4.894144,,
4737.550008,,5.000000,4.500000,4.894144,,5.000000,4.500000,5.010958,,
4747.796951,,5.000000,4.500000,5.010958,,5.000000,4.500000,4.889232,,
4758.092929,,5.000000,4.500000,4.889232,,5.000000,4.500000,4.990877,,
4768.182332,,5.000000,4.500000,4.990877,,5.000000,4.500000,4.954572,,
4778.158648,,5.000000,4.500000,4.954572,,5.000000,4.500000,4.976954,,
4788.428567,,5.000000,4.500000,4.976954,,5.000000,4.500000,4.875592,,
4798.392729,,5.000000,4.500000,4.875592,,5.000000,4.500000,4.997454,,
4808.716370,,5.000000,4.500000,4.997454,,5.000000,4.500000,4.883114,,
4818.750706,,5.000000,4.500000,4.883114,,5.000000,4.500000,4.963838,,
4828.803743,,5.000000,4.500000,4.963838,,5.000000,4.500000,4.977032,,
4838.870739,,5.000000,4.500000,4.977032,,5.000000,4.500000,4.955233,,
4848.833863,,5.000000,4.500000,4.955233,,5.000000,4.500000,4.995752,,
4859.083616,,5.000000,4.500000,4.995752,,5.000000,4.500000,4.881514,,
4869.275593,,5.000000,4.500000,4.881514,,5.000000,4.500000,5.007593,,
4879.526505,,5.000000,4.500000,5.007593,,5.000000,4.500000,4.900014,,
4889.550483,,5.000000,4.500000,4.900014,,5.000000,4.500000,4.983743,,
4899.517756,,5.000000,4.500000,4.983743,,5.000000,4.500000,4.892297,,
4909.792637,,5.000000,4.500000,4.892297,,5.000000,4.500000,5.002011,,
4919.723421,,5.000000,4.500000,5.002011,,5.000000,4.500000,4.984628,,
4929.874409,,5.000000,4.500000,4.984628,,5.000000,4.500000,4.922218,,
4940.067667,,5.000000,4.500000,4.922218,,5.000000,4.500000,4.910591,,
4950.390482,,5.000000,4.500000,4.910591,,5.000000,4.500000,4.992295,,
4960.407017,,5.000000,4.500000,4.992295,,5.000000,4.500000,4.972500,,
4970.389406,,5.000000,4.500000,4.972500,,5.000000,4.500000,4.988066,,
4980.585761,,5.000000,4.500000,4.988066,,5.000000,4.500000,4.904460,,
4990.797794,,5.000000,4.500000,4.904460,,5.000000,4.500000,4.997616,,
5000.799013,,5.000000,4.500000,4.997616,,5.000000,4.500000,4.894222,,
5010.775804,,5.000000,4.500000,4.894222,,5.000000,4.500000,4.890755,,
5020.944064,,5.000000,4.500000,4.890755,,5.000000,4.500000,5.014779,,
5031.227960,,5.000000,4.500000,5.014779,,5.000000,4.500000,4.894226,,
5041.198033,,5.000000,4.500000,4.894226,,5.000000,4.500000,4.991631,,
5051.420822,,5.000000,4.500000,4.991631,,5.000000,4.500000,4.904408,,
5061.391293,,5.000000,4.500000,4.904408,,5.000000,4.500000,4.996532,,
5071.588440,,5.000000,4.500000,4.996532,,5.000000,4.500000,4.902781,,
5081.888712,,5.000000,4.500000,4.902781,,5.000000,4.500000,4.991366,,
5091.937366,,5.000000,4.500000,4.991366,,5.000000,4.500000,4.979060,,
5101.950809,,5.000000,4.500000,4.979060,,5.000000,4.500000,4.967290,,
5111.898228,,5.000000,4.500000,4.967290,,5.000000,4.500000,4.899564,,
5122.090501,,5.000000,4.500000,4.899564,,5.000000,4.500000,5.019152,,
5132.084972,,5.000000,4.500000,5.019152,,5.000000,4.500000,4.899905,,
5142.302397,,5.000000,4.500000,4.899905,,5.000000,4.500000,4.993718,,
5152.528740,,5.000000,4.500000,4.993718,,5.000000,4.500000,4.900035,,
5162.835999,,5.000000,4.500000,4.900035,,5.000000,4.500000,4.982797,,
5172.888094,,5.000000,4.500000,4.982797,,5.000000,4.500000,4.878676,,
5182.832658,,5.000000,4.500000,4.878676,,5.000000,4.500000,4.975132,,
5193.116100,,5.000000,4.500000,4.975132,,5.000000,4.500000,4.978900,,
5203.084343,,5.000000,4.500000,4.978900,,5.000000,4.500000,4.892922,,
5213.285786,,5.000000,4.500000,4.892922,,5.000000,4.500000,5.009297,,
5223.585159,,5.000000,4.500000,5.009297,,5.000000,4.500000,4.987033,,
5233.564394,,5.000000,4.500000,4.987033,,5.000000,4.500000,4.884255,,
5243.522711,,5.000000,4.500000,4.884255,,5.000000,4.500000,4.996265,,
5253.818348,,5.000000,4.500000,4.996265,,5.000000,4.500000,4.920701,,
5263.712525,,5.000000,4.500000,4.920701,,5.000000,4.500000,4.985904,,
5273.914744,,5.000000,4.500000,4.985904,,5.000000,4.500000,5.005679,,
5284.236683,,5.000000,4.500000,5.005679,,5.000000,4.500000,4.888990,,
5294.340184,,5.000000,4.500000,4.888990,,5.000000,4.500000,4.960621,,
5304.387375,,5.000000,4.500000,4.960621,,5.000000,4.500000,4.959601,,
5314.333380,,5.000000,4.500000,4.959601,,5.000000,4.500000,4.898077,,
5324.320096,,5.000000,4.500000,4.898077,,5.000000,4.500000,4.992604,,
5334.525862,,5.000000,4.500000,4.992604,,5.000000,4.500000,4.989742,,
5344.752694,,5.000000,4.500000,4.989742,,5.000000,4.500000,4.994185,,
5355.082222,,5.000000,4.500000,4.994185,,5.000000,4.500000,4.885270,,
5365.065169,,5.000000,4.500000,4.885270,,5.000000,4.500000,4.976231,,
5375.024557,,5.000000,4.500000,4.976231,,5.000000,4.500000,4.996541,,
5385.232912,,5.000000,4.500000,4.996541,,5.000000,4.500000,4.908478,,
5395.400733,,5.000000,4.500000,4.908478,,5.000000,4.500000,4.915124,,
5405.714759,,5.000000,4.500000,4.915124,,5.000000,4.500000,4.982282,,
5415.687105,,5.000000,4.500000,4.982282,,5.000000,4.500000,4.987311,,
5425.982692,,5.000000,4.500000,4.987311,,5.000000,4.500000,4.882798,,
5435.978779,,5.000000,4.500000,4.882798,,5.000000,4.500000,4.987918,,
5445.943521,,5.000000,4.500000,4.987918,,5.000000,4.500000,4.892725,,
5456.150247,,5.000000,4.500000,4.892725,,5.000000,4.500000,5.001185,,
5466.414843,,5.000000,4.500000,5.001185,,5.000000,4.500000,4.899442,,
5476.449150,,5.000000,4.500000,4.899442,,5.000000,4.500000,4.986831,,
5486.418498,,5.000000,4.500000,4.986831,,5.000000,4.500000,4.882489,,
5496.664465,,5.000000,4.500000,4.882489,,5.000000,4.500000,4.992617,,
5506.896112,,5.000000,4.500000,4.992617,,5.000000,4.500000,4.895355,,
5517.184281,,5.000000,4.500000,4.895355,,5.000000,4.500000,4.976715,,
5527.201947,,5.000000,4.500000,4.976715,,5.000000,4.500000,4.971149,,
5537.222942,,5.000000,4.500000,4.971149,,5.000000,4.500000,4.883817,,
5547.217570,,5.000000,4.500000,4.883817,,5.000000,4.500000,4.990480,,
5557.427550,,5.000000,4.500000,4.990480,,5.000000,4.500000,4.992700,,
5567.612030,,5.000000,4.500000,4.992700,,5.000000,4.500000,4.914277,,
5577.931665,,5.000000,4.500000,4.914277,,5.000000,4.500000,4.973907,,
5587.966951,,5.000000,4.500000,4.973907,,5.000000,4.500000,4.876057,,
5597.888244,,5.000000,4.500000,4.876057,,5.000000,4.500000,4.995513,,
5608.179552,,5.000000,4.500000,4.995513,,5.000000,4.500000,4.890957,,
5618.152474,,5.000000,4.500000,4.890957,,5.000000,4.500000,4.995445,,
5628.387236,,5.000000,4.500000,4.995445,,5.000000,4.500000,4.988678,,
5638.694535,,5.000000,4.500000,4.988678,,5.000000,4.500000,4.883538,,
5648.771407,,5.000000,4.500000,4.883538,,5.000000,4.500000,4.961101,,
5658.751078,,5.000000,4.500000,4.961101,,5.000000,4.500000,4.985309,,
5668.753180,,5.000000,4.500000,4.985309,,5.000000,4.500000,4.892064,,
5678.718102,,5.000000,4.500000,4.892064,,5.000000,4.500000,4.989888,,
5688.938838,,5.000000,4.500000,4.989888,,5.000000,4.500000,4.909423,,
5699.177158,,5.000000,4.500000,4.909423,,5.000000,4.500000,5.001424,,
5709.192987,,5.000000,4.500000,5.001424,,5.000000,4.500000,4.881133,,
5719.189261,,5.000000,4.500000,4.881133,,5.000000,4.500000,4.990989,,
5729.366203,,5.000000,4.500000,4.990989,,5.000000,4.500000,4.914872,,
5739.687940,,5.000000,4.500000,4.914872,,5.000000,4.500000,4.988507,,
5749.725240,,5.000000,4.500000,4.988507,,5.000000,4.500000,4.958811,,
5759.683427,,5.000000,4.500000,4.958811,,5.000000,4.500000,4.890334,,
5769.968537,,5.000000,4.500000,4.890334,,5.000000,4.500000,4.987141,,
5779.990248,,5.000000,4.500000,4.987141,,5.000000,4.500000,4.972143,,
5790.310502,,5.000000,4.500000,4.972143,,5.000000,4.500000,4.882393,,
5800.392070,,5.000000,4.500000,4.882393,,5.000000,4.500000,4.952416,,
5810.430869,,5.000000,4.500000,4.952416,,5.000000,4.500000,4.964216,,
5820.484545,,5.000000,4.500000,4.964216,,5.000000,4.500000,4.979755,,
5830.465187,,5.000000,4.500000,4.979755,,5.000000,4.500000,4.963386,,
5840.720088,,5.000000,4.500000,4.963386,,5.000000,4.500000,4.895432,,
5850.888579,,5.000000,4.500000,4.895432,,5.000000,4.500000,5.004219,,
5861.199153,,5.000000,4.500000,5.004219,,5.000000,4.500000,4.887298,,
5871.244878,,5.000000,4.500000,4.887298,,5.000000,4.500000,4.975462,,
5881.202242,,5.000000,4.500000,4.975462,,5.000000,4.500000,4.973712,,
5891.469790,,5.000000,4.500000,4.973712,,5.000000,4.500000,4.904954,,
5901.692103,,5.000000,4.500000,4.904954,,5.000000,4.500000,4.982181,,
5911.675712,,5.000000,4.500000,4.982181,,5.000000,4.500000,4.892831,,
5922.003043,,5.000000,4.500000,4.892831,,5.000000,4.500000,4.982076,,
5932.062778,,5.000000,4.500000,4.982076,,5.000000,4.500000,4.968171,,
5942.054607,,5.000000,4.500000,4.968171,,5.000000,4.500000,4.971285,,
5952.029252,,5.000000,4.500000,4.971285,,5.000000,4.500000,4.896383,,
5962.295896,,5.000000,4.500000,4.896383,,5.000000,4.500000,4.992165,,
5972.229751,,5.000000,4.500000,4.992165,,5.000000,4.500000,4.897264,,
5982.372592,,5.000000,4.500000,4.897264,,5.000000,4.500000,4.924112,,
5992.596236,,5.000000,4.500000,4.924112,,5.000000,4.500000,5.017456,,
6002.926821,,5.000000,4.500000,5.017456,,5.000000,4.500000,4.886395,,
6012.919492,,5.000000,4.500000,4.886395,,5.000000,4.500000,4.962919,,
6023.148152,,5.000000,4.500000,4.962919,,5.000000,4.500000,4.894872,,
6033.426363,,5.000000,4.500000,4.894872,,5.000000,4.500000,4.975017,,
6043.457115,,5.000000,4.500000,4.975017,,5.000000,4.500000,4.975367,,
6053.580193,,5.000000,4.500000,4.975367,,5.000000,4.500000,4.875591,,
6063.691667,,5.000000,4.500000,4.875591,,5.000000,4.500000,5.038164,,
6073.614265,,5.000000,4.500000,5.038164,,5.000000,4.500000,4.876403,,
6083.904068,,5.000000,4.500000,4.876403,,5.000000,4.500000,4.985367,,
6093.864310,,5.000000,4.500000,4.985367,,5.000000,4.500000,4.897361,,
6104.106526,,5.000000,4.500000,4.897361,,5.000000,4.500000,4.983716,,
6114.448889,,5.000000,4.500000,4.983716,,5.000000,4.500000,4.984051,,
6124.459902,,5.000000,4.500000,4.984051,,5.000000,4.500000,4.871041,,
6134.456302,,5.000000,4.500000,4.871041,,5.000000,4.500000,4.977189,,
6144.421605,,5.000000,4.500000,4.977189,,5.000000,4.500000,4.994686,,
6154.581679,,5.000000,4.500000,4.994686,,5.000000,4.500000,4.925153,,
6164.847861,,5.000000,4.500000,4.925153,,5.000000,4.500000,4.892170,,
6174.867623,,5.000000,4.500000,4.892170,,5.000000,4.500000,4.986266,,
6185.176467,,5.000000,4.500000,4.986266,,5.000000,4.500000,4.881042,,
6195.242415,,5.000000,4.500000,4.881042,,5.000000,4.500000,4.956802,,
6205.227784,,5.000000,4.500000,4.956802,,5.000000,4.500000,4.965266,,
6215.544743,,5.000000,4.500000,4.965266,,5.000000,4.500000,4.982232,,
6225.587438,,5.000000,4.500000,4.982232,,5.000000,4.500000,4.878552,,
6235.605626,,5.000000,4.500000,4.878552,,5.000000,4.500000,4.967604,,
6245.596027,,5.000000,4.500000,4.967604,,5.000000,4.500000,4.990639,,
6255.813265,,5.000000,4.500000,4.990639,,5.000000,4.500000,4.906477,,
6266.107863,,5.000000,4.500000,4.906477,,5.000000,4.500000,4.980000,,
6276.107839,,5.000000,4.500000,4.980000,,5.000000,4.500000,4.970869,,
6286.354749,,5.000000,4.500000,4.970869,,5.000000,4.500000,4.884001,,
6296.649766,,5.000000,4.500000,4.884001,,5.000000,4.500000,4.975237,,
6306.747536,,5.000000,4.500000,4.975237,,5.000000,4.500000,4.974286,,
6316.747174,,5.000000,4.500000,4.974286,,5.000000,4.500000,4.958543,,
6326.738531,,5.000000,4.500000,4.958543,,5.000000,4.500000,4.896111,,
6336.992282,,5.000000,4.500000,4.896111,,5.000000,4.500000,4.988475,,
6346.958992,,5.000000,4.500000,4.988475,,5.000000,4.500000,4.990412,,
6357.147905,,5.000000,4.500000,4.990412,,5.000000,4.500000,4.903151,,
6367.421860,,5.000000,4.500000,4.903151,,5.000000,4.500000,4.995550,,
6377.395036,,5.000000,4.500000,4.995550,,5.000000,4.500000,4.889650,,
6387.745180,,5.000000,4.500000,4.889650,,5.000000,4.500000,4.990958,,
6397.704672,,5.000000,4.500000,4.990958,,5.000000,4.500000,4.967533,,
6407.678062,,5.000000,4.500000,4.967533,,5.000000,4.500000,4.984242,,
6417.964155,,5.000000,4.500000,4.984242,,5.000000,4.500000,4.908377,,
6427.892129,,5.000000,4.500000,4.908377,,5.000000,4.500000,4.987491,,
6438.139853,,5.000000,4.500000,4.987491,,5.000000,4.500000,4.906682,,
6448.501157,,5.000000,4.500000,4.906682,,5.000000,4.500000,4.987460,,
6458.616667,,5.000000,4.500000,4.987460,,5.000000,4.500000,4.961206,,
6468.800902,,5.000000,4.500000,4.961206,,5.000000,4.500000,4.936370,,
6478.957272,,5.000000,4.500000,4.936370,,5.000000,4.500000,5.015811,,
6489.129077,,5.000000,4.500000,5.015811,,5.000000,4.500000,5.013965,,
6499.324707,,5.000000,4.500000,5.013965,,5.000000,4.500000,4.926253,,
6509.469249,,5.000000,4.500000,4.926253,,5.000000,4.500000,4.989836,,
6519.577603,,5.000000,4.500000,4.989836,,5.000000,4.500000,5.045665,,
6529.957545,,5.000000,4.500000,5.045665,,5.000000,4.500000,4.930507,,
6539.809215,,5.000000,4.500000,4.930507,,5.000000,4.500000,4.946067,,
6549.869141,,5.000000,4.500000,4.946067,,5.000000,4.500000,5.056024,,
6560.003395,,5.000000,4.500000,5.056024,,5.000000,4.500000,4.948088,,
6570.091222,,5.000000,4.500000,4.948088,,5.000000,4.500000,4.939807,,
6580.239204,,5.000000,4.500000,4.939807,,5.000000,4.500000,4.956571,,
6590.361583,,5.000000,4.500000,4.956571,,5.000000,4.500000,5.023333,,
6600.457373,,5.000000,4.500000,5.023333,,5.000000,4.500000,4.944660,,
6610.586406,,5.000000,4.500000,4.944660,,5.000000,4.500000,5.044668,,
6620.690824,,5.000000,4.500000,5.044668,,5.000000,4.500000,4.933506,,
6630.831982,,5.000000,4.500000,4.933506,,5.000000,4.500000,5.046180,,
6641.067645,,5.000000,4.500000,5.046180,,5.000000,4.500000,4.936641,,
6651.172494,,5.000000,4.500000,4.936641,,5.000000,4.500000,4.986121,,
6661.226576,,5.000000,4.500000,4.986121,,5.000000,4.500000,5.053261,,
6671.365731,,5.000000,4.500000,5.053261,,5.000000,4.500000,4.962074,,
6681.467305,,5.000000,4.500000,4.962074,,5.000000,4.500000,5.035989,,
6691.577986,,5.000000,4.500000,5.035989,,5.000000,4.500000,4.948181,,
6701.721558,,5.000000,4.500000,4.948181,,5.000000,4.500000,4.931128,,
6711.822419,,5.000000,4.500000,4.931128,,5.000000,4.500000,5.046017,,
6722.057102,,5.000000,4.500000,5.046017,,5.000000,4.500000,4.947559,,
6732.178498,,5.000000,4.500000,4.947559,,5.000000,4.500000,4.985077,,
6742.301855,,5.000000,4.500000,4.985077,,5.000000,4.500000,5.034536,,
6752.375709,,5.000000,4.500000,5.034536,,5.000000,4.500000,5.031446,,
6762.507633,,5.000000,4.500000,5.031446,,5.000000,4.500000,4.956000,,
6772.590423,,5.000000,4.500000,4.956000,,5.000000,4.500000,4.949882,,
6782.629077,,5.000000,4.500000,4.949882,,5.000000,4.500000,5.051869,,
6792.675632,,5.000000,4.500000,5.051869,,5.000000,4.500000,4.971728,,
6802.695157,,5.000000,4.500000,4.971728,,5.000000,4.500000,4.977435,,
6812.690894,,5.000000,4.500000,4.977435,,5.000000,4.500000,4.992844,,
6822.948523,,5.000000,4.500000,4.992844,,5.000000,4.500000,4.983361,,
6832.982519,,5.000000,4.500000,4.983361,,5.000000,4.500000,4.986873,,
6842.975436,,5.000000,4.500000,4.986873,,5.000000,4.500000,4.992395,,
6853.358667,,5.000000,4.500000,4.992395,,5.000000,4.500000,4.885229,,
6863.334140,,5.000000,4.500000,4.885229,,5.000000,4.500000,5.035926,,
6873.581174,,5.000000,4.500000,5.035926,,5.000000,4.500000,4.978669,,
6883.590514,,5.000000,4.500000,4.978669,,5.000000,4.500000,4.999167,,
6893.818547,,5.000000,4.500000,4.999167,,5.000000,4.500000,4.992276,,
6903.850395,,5.000000,4.500000,4.992276,,5.000000,4.500000,4.991472,,
6913.810874,,5.000000,4.500000,4.991472,,5.000000,4.500000,4.997895,,
6924.106071,,5.000000,4.500000,4.997895,,5.000000,4.500000,4.984658,,
6934.107951,,5.000000,4.500000,4.984658,,5.000000,4.500000,4.994101,,
6944.123559,,5.000000,4.500000,4.994101,,5.000000,4.500000,4.976214,,
6954.118492,,5.000000,4.500000,4.976214,,5.000000,4.500000,4.993023,,
6964.179840,,5.000000,4.500000,4.993023,,5.000000,4.500000,4.994398,,
6974.184492,,5.000000,4.500000,4.994398,,5.000000,4.500000,4.991002,,
6984.371180,,5.000000,4.500000,4.991002,,5.000000,4.500000,4.981815,,
6994.416393,,5.000000,4.500000,4.981815,,5.000000,4.500000,4.915031,,
7004.412690,,5.000000,4.500000,4.915031,,5.000000,4.500000,4.984694,,
7014.418424,,5.000000,4.500000,4.984694,,5.000000,4.500000,4.985852,,
7024.619007,,5.000000,4.500000,4.985852,,5.000000,4.500000,5.005365,,
7034.650547,,5.000000,4.500000,5.005365,,5.000000,4.500000,4.990920,,
7044.695216,,5.000000,4.500000,4.990920,,5.000000,4.500000,4.983275,,
7054.673141,,5.000000,4.500000,4.983275,,5.000000,4.500000,4.993400,,
7064.722818,,5.000000,4.500000,4.993400,,5.000000,4.500000,4.994479,,
7074.893882,,5.000000,4.500000,4.994479,,5.000000,4.500000,4.990855,,
7084.774727,,5.000000,4.500000,4.990855,,5.000000,4.500000,5.021301,,
